{
 "cells": [
  {
   "cell_type": "code",
   "execution_count": 28,
   "id": "80886a18",
   "metadata": {},
   "outputs": [],
   "source": [
    "import numpy as np\n",
    "import numpy.linalg as npl\n",
    "import math\n",
    "import matplotlib.pyplot as plt\n",
    "import scipy.io as sio"
   ]
  },
  {
   "cell_type": "markdown",
   "id": "f1ba5527",
   "metadata": {},
   "source": [
    "** **\n",
    "** **\n",
    "\n",
    "**Porblem 6 Part (a)**\n",
    "\n",
    "** **\n",
    "** **"
   ]
  },
  {
   "cell_type": "code",
   "execution_count": 29,
   "id": "41f49566",
   "metadata": {},
   "outputs": [],
   "source": [
    "n = 30; m = 10000;\n",
    "x = np.cos(2 * np.pi * 0.075 * np.arange(1,n+1))\n",
    "A = np.random.randn(m,n)\n",
    "z = np.abs(A @ x)"
   ]
  },
  {
   "cell_type": "code",
   "execution_count": 30,
   "id": "6a4c8884",
   "metadata": {
    "scrolled": false
   },
   "outputs": [],
   "source": [
    "R = np.zeros((n,n)) # Initialize the matrix R\n",
    "\n",
    "for i in range(m):\n",
    "    a_i = A[i, :] # i-th row of the matrix A\n",
    "    R = R + (z[i] ** 2) * np.outer(a_i, a_i) # np.outer(a_i, a_i) is calculation for (a_i)(a_i)^T\n",
    "    \n",
    "R = R/m # Shape of R is 30 x 30"
   ]
  },
  {
   "cell_type": "code",
   "execution_count": 31,
   "id": "6a0db3cd",
   "metadata": {},
   "outputs": [
    {
     "data": {
      "text/plain": [
       "array([[ 1.56776866e+01,  6.15118916e-01,  2.54649841e-01,\n",
       "        -5.78032155e-01, -6.95982534e-01, -1.32434374e+00,\n",
       "        -1.50220057e+00, -1.72305946e+00, -9.35257421e-01,\n",
       "        -4.18259104e-01,  6.88267936e-01,  1.37739831e+00,\n",
       "         1.80766033e+00,  1.50630921e+00,  1.29866400e+00,\n",
       "         9.45431501e-01,  1.98591270e-01, -1.43225411e+00,\n",
       "        -1.74192578e+00, -1.60532402e+00, -1.48019403e+00,\n",
       "        -1.39579880e+00, -5.02762647e-02,  3.51909205e-01,\n",
       "         1.20101109e+00,  1.91764073e+00,  1.78273220e+00,\n",
       "         1.14340920e+00,  7.97807794e-01,  3.61418219e-01],\n",
       "       [ 6.15118916e-01,  1.49124042e+01,  1.92322881e-01,\n",
       "        -1.65681739e-01, -7.88752651e-01, -1.16459346e+00,\n",
       "        -1.42167372e+00, -1.09244712e+00, -5.86180181e-01,\n",
       "        -2.15406500e-01,  4.24674404e-01,  9.43182205e-01,\n",
       "         1.02410714e+00,  9.67486472e-01,  1.04607942e+00,\n",
       "         2.20718377e-01, -2.48927954e-01, -7.56965647e-01,\n",
       "        -8.81398740e-01, -9.33791621e-01, -1.06618895e+00,\n",
       "        -7.02243447e-01, -1.72564120e-01,  1.85500998e-01,\n",
       "         1.12732079e+00,  1.05147431e+00,  1.09288003e+00,\n",
       "         6.87143963e-01,  6.25777467e-01,  2.69764584e-01],\n",
       "       [ 2.54649841e-01,  1.92322881e-01,  1.45269091e+01,\n",
       "        -2.52252370e-01, -1.14975200e-01, -9.91007539e-02,\n",
       "        -1.38042203e-01, -3.78862522e-01, -8.44734487e-02,\n",
       "        -4.14041561e-01,  1.28714601e-01,  1.97097893e-01,\n",
       "         3.78746056e-01,  1.88889193e-01,  3.77004806e-01,\n",
       "         3.62426002e-01,  4.61840859e-02, -1.90237057e-01,\n",
       "        -3.98961349e-01, -6.41548927e-01, -5.64864671e-01,\n",
       "        -1.72335104e-01, -3.60098541e-03,  3.18683879e-01,\n",
       "         3.00649346e-01,  2.98087119e-01,  3.53846856e-01,\n",
       "         5.59782581e-02,  1.32034112e-01,  3.23786274e-01],\n",
       "       [-5.78032155e-01, -1.65681739e-01, -2.52252370e-01,\n",
       "         1.41404479e+01,  5.74140190e-01,  9.93151804e-01,\n",
       "         9.41503680e-01,  9.16893386e-01,  5.17638517e-01,\n",
       "        -1.38539449e-01, -1.06579230e+00, -6.31202749e-01,\n",
       "        -8.11172781e-01, -1.11782929e+00, -7.11236816e-01,\n",
       "        -6.31258734e-01, -1.47510587e-02,  5.45290825e-01,\n",
       "         5.80086812e-01,  8.81847060e-01,  9.96275999e-01,\n",
       "         5.56394121e-01,  3.59932791e-02, -1.15531891e-01,\n",
       "        -7.93437414e-01, -1.30605100e+00, -1.02616423e+00,\n",
       "        -7.56886619e-01, -1.11577666e+00, -3.07051705e-01],\n",
       "       [-6.95982534e-01, -7.88752651e-01, -1.14975200e-01,\n",
       "         5.74140190e-01,  1.53188089e+01,  1.56735432e+00,\n",
       "         1.39999041e+00,  1.13744470e+00,  9.03064343e-01,\n",
       "        -9.04099984e-03, -1.25217975e+00, -1.28819457e+00,\n",
       "        -1.59746356e+00, -1.48799271e+00, -1.14244707e+00,\n",
       "        -4.98971476e-01,  1.48961333e-01,  7.61344541e-01,\n",
       "         1.36680734e+00,  1.67991461e+00,  1.25565415e+00,\n",
       "         3.02996518e-01,  1.01713812e-01,  3.62672158e-02,\n",
       "        -7.52202510e-01, -1.05852208e+00, -1.25464048e+00,\n",
       "        -1.24319439e+00, -6.59674441e-01,  1.01538715e-01],\n",
       "       [-1.32434374e+00, -1.16459346e+00, -9.91007539e-02,\n",
       "         9.93151804e-01,  1.56735432e+00,  1.55569930e+01,\n",
       "         1.38623053e+00,  1.43200210e+00,  8.48643004e-01,\n",
       "        -2.28972753e-02, -1.05682515e+00, -1.52289387e+00,\n",
       "        -1.75990296e+00, -1.86451948e+00, -1.55351455e+00,\n",
       "        -7.59060417e-01,  1.19750817e-01,  1.31823845e+00,\n",
       "         1.60012344e+00,  1.12190705e+00,  1.45530598e+00,\n",
       "         7.87334657e-01,  1.09017872e-01, -3.65679305e-01,\n",
       "        -1.23315510e+00, -1.77766223e+00, -1.85790389e+00,\n",
       "        -1.59639685e+00, -9.61502741e-01, -4.26168302e-01],\n",
       "       [-1.50220057e+00, -1.42167372e+00, -1.38042203e-01,\n",
       "         9.41503680e-01,  1.39999041e+00,  1.38623053e+00,\n",
       "         1.61307769e+01,  1.59602703e+00,  1.07663921e+00,\n",
       "         1.28622421e-01, -8.87707095e-01, -1.78281923e+00,\n",
       "        -1.96998195e+00, -2.00779870e+00, -1.72067093e+00,\n",
       "        -6.44260278e-01, -3.41787444e-01,  9.47421406e-01,\n",
       "         2.15078825e+00,  2.31655406e+00,  1.36589622e+00,\n",
       "         1.06872021e+00,  9.30238724e-02, -6.61343944e-01,\n",
       "        -1.65916939e+00, -1.95081528e+00, -1.87512869e+00,\n",
       "        -1.50053623e+00, -1.21347201e+00, -1.92680090e-03],\n",
       "       [-1.72305946e+00, -1.09244712e+00, -3.78862522e-01,\n",
       "         9.16893386e-01,  1.13744470e+00,  1.43200210e+00,\n",
       "         1.59602703e+00,  1.56392092e+01,  5.52732385e-01,\n",
       "         1.34481214e-01, -1.08923296e+00, -1.35325190e+00,\n",
       "        -1.14580471e+00, -1.53959835e+00, -9.37663155e-01,\n",
       "        -4.66214593e-01, -3.20217786e-01,  1.21112049e+00,\n",
       "         1.74562931e+00,  1.92537956e+00,  1.34163370e+00,\n",
       "         6.00793253e-01,  7.00093198e-01, -3.06356526e-01,\n",
       "        -1.02875301e+00, -1.86847568e+00, -1.71316713e+00,\n",
       "        -9.22892910e-01, -7.49191420e-01, -3.19013261e-01],\n",
       "       [-9.35257421e-01, -5.86180181e-01, -8.44734487e-02,\n",
       "         5.17638517e-01,  9.03064343e-01,  8.48643004e-01,\n",
       "         1.07663921e+00,  5.52732385e-01,  1.45262537e+01,\n",
       "        -1.35227872e-01,  1.70258617e-01, -7.55686960e-01,\n",
       "        -1.07566237e+00, -9.67830547e-01, -6.91030605e-01,\n",
       "        -3.43603712e-01,  7.10212591e-01,  6.62162340e-01,\n",
       "         1.09644369e+00,  4.90921533e-01,  5.15534369e-01,\n",
       "         4.62508891e-01, -2.50302795e-01,  1.42599721e-02,\n",
       "        -4.15857826e-01, -1.02409819e+00, -8.41234471e-01,\n",
       "        -7.47957869e-01, -4.98400048e-01, -2.08037405e-01],\n",
       "       [-4.18259104e-01, -2.15406500e-01, -4.14041561e-01,\n",
       "        -1.38539449e-01, -9.04099984e-03, -2.28972753e-02,\n",
       "         1.28622421e-01,  1.34481214e-01, -1.35227872e-01,\n",
       "         1.50232112e+01,  1.08047701e-01,  1.79768676e-01,\n",
       "         1.66823115e-01,  1.28838467e-01, -1.18623291e-01,\n",
       "        -3.26623638e-01, -2.48741980e-01,  6.33768191e-02,\n",
       "         1.03294532e-01, -5.29033869e-02,  2.48855131e-01,\n",
       "        -2.01986821e-01, -2.53980362e-01,  1.39139574e-02,\n",
       "        -1.65657216e-02,  3.88151606e-02, -3.36196093e-01,\n",
       "         4.05280391e-01, -1.67173572e-01,  4.96122816e-01],\n",
       "       [ 6.88267936e-01,  4.24674404e-01,  1.28714601e-01,\n",
       "        -1.06579230e+00, -1.25217975e+00, -1.05682515e+00,\n",
       "        -8.87707095e-01, -1.08923296e+00,  1.70258617e-01,\n",
       "         1.08047701e-01,  1.45414905e+01,  3.79429684e-01,\n",
       "         8.60277789e-01,  5.68645995e-01,  9.96582877e-01,\n",
       "         1.09106535e-01,  7.64892036e-02, -6.44223126e-01,\n",
       "        -8.42337436e-01, -1.24045748e+00, -9.12348645e-01,\n",
       "        -2.86457790e-01, -6.99020339e-02, -1.35073458e-02,\n",
       "         7.17780320e-01,  9.99305853e-01,  8.15030356e-01,\n",
       "         5.72284946e-01,  7.57558308e-01,  8.85457807e-02],\n",
       "       [ 1.37739831e+00,  9.43182205e-01,  1.97097893e-01,\n",
       "        -6.31202749e-01, -1.28819457e+00, -1.52289387e+00,\n",
       "        -1.78281923e+00, -1.35325190e+00, -7.55686960e-01,\n",
       "         1.79768676e-01,  3.79429684e-01,  1.60170626e+01,\n",
       "         1.64136690e+00,  1.57022455e+00,  9.34108253e-01,\n",
       "         5.83661985e-01, -7.84955217e-02, -1.46705582e+00,\n",
       "        -1.48295138e+00, -1.23712392e+00, -1.26185381e+00,\n",
       "        -1.08676860e+00, -2.25897301e-01,  7.16825938e-01,\n",
       "         9.33500796e-01,  1.47730693e+00,  1.56366198e+00,\n",
       "         7.77814712e-01,  6.14745696e-01,  4.62300242e-01],\n",
       "       [ 1.80766033e+00,  1.02410714e+00,  3.78746056e-01,\n",
       "        -8.11172781e-01, -1.59746356e+00, -1.75990296e+00,\n",
       "        -1.96998195e+00, -1.14580471e+00, -1.07566237e+00,\n",
       "         1.66823115e-01,  8.60277789e-01,  1.64136690e+00,\n",
       "         1.64310333e+01,  1.63434266e+00,  1.21393198e+00,\n",
       "         6.08367996e-01, -2.63244628e-01, -7.41927602e-01,\n",
       "        -1.61186011e+00, -1.71273162e+00, -1.98365999e+00,\n",
       "        -8.14357481e-01, -2.19668549e-01,  8.03133126e-01,\n",
       "         1.22297397e+00,  2.44840345e+00,  2.06596757e+00,\n",
       "         1.68836133e+00,  6.29554217e-01,  2.42325862e-01],\n",
       "       [ 1.50630921e+00,  9.67486472e-01,  1.88889193e-01,\n",
       "        -1.11782929e+00, -1.48799271e+00, -1.86451948e+00,\n",
       "        -2.00779870e+00, -1.53959835e+00, -9.67830547e-01,\n",
       "         1.28838467e-01,  5.68645995e-01,  1.57022455e+00,\n",
       "         1.63434266e+00,  1.58069158e+01,  1.38589940e+00,\n",
       "         6.62044745e-01, -7.72329352e-02, -1.45414057e+00,\n",
       "        -1.80429761e+00, -1.90037878e+00, -1.55960928e+00,\n",
       "        -1.17689262e+00, -7.30564478e-01,  6.75025426e-01,\n",
       "         1.71556159e+00,  1.99367556e+00,  1.60314265e+00,\n",
       "         9.30859987e-01,  7.78179579e-01,  2.12372133e-01],\n",
       "       [ 1.29866400e+00,  1.04607942e+00,  3.77004806e-01,\n",
       "        -7.11236816e-01, -1.14244707e+00, -1.55351455e+00,\n",
       "        -1.72067093e+00, -9.37663155e-01, -6.91030605e-01,\n",
       "        -1.18623291e-01,  9.96582877e-01,  9.34108253e-01,\n",
       "         1.21393198e+00,  1.38589940e+00,  1.54062702e+01,\n",
       "         6.93588256e-01,  1.14245049e-01, -9.63068093e-01,\n",
       "        -1.24011491e+00, -1.74451738e+00, -7.08441275e-01,\n",
       "        -9.89096923e-01, -2.72600808e-01,  4.72448236e-01,\n",
       "         1.27218421e+00,  1.14781549e+00,  1.56176585e+00,\n",
       "         1.01680272e+00,  1.34871308e+00,  5.29912580e-01],\n",
       "       [ 9.45431501e-01,  2.20718377e-01,  3.62426002e-01,\n",
       "        -6.31258734e-01, -4.98971476e-01, -7.59060417e-01,\n",
       "        -6.44260278e-01, -4.66214593e-01, -3.43603712e-01,\n",
       "        -3.26623638e-01,  1.09106535e-01,  5.83661985e-01,\n",
       "         6.08367996e-01,  6.62044745e-01,  6.93588256e-01,\n",
       "         1.49921396e+01,  1.02558958e-01, -3.86710310e-01,\n",
       "        -6.03327503e-01, -5.83080666e-01, -6.28825736e-01,\n",
       "        -1.94390007e-01,  4.86504940e-01,  4.77384409e-01,\n",
       "         6.20298601e-01,  2.14774352e-01,  9.45367259e-01,\n",
       "         5.37617994e-01,  3.80182029e-01, -5.48301293e-02],\n",
       "       [ 1.98591270e-01, -2.48927954e-01,  4.61840859e-02,\n",
       "        -1.47510587e-02,  1.48961333e-01,  1.19750817e-01,\n",
       "        -3.41787444e-01, -3.20217786e-01,  7.10212591e-01,\n",
       "        -2.48741980e-01,  7.64892036e-02, -7.84955217e-02,\n",
       "        -2.63244628e-01, -7.72329352e-02,  1.14245049e-01,\n",
       "         1.02558958e-01,  1.48130784e+01,  3.94952625e-02,\n",
       "        -2.40827431e-01, -1.90864017e-01, -4.97915998e-01,\n",
       "        -2.54690506e-01, -1.19764334e-02, -4.51743828e-01,\n",
       "         1.15233648e-01, -3.86825512e-01, -2.52809284e-01,\n",
       "         4.00162038e-01,  1.35089897e-01,  9.79781672e-02],\n",
       "       [-1.43225411e+00, -7.56965647e-01, -1.90237057e-01,\n",
       "         5.45290825e-01,  7.61344541e-01,  1.31823845e+00,\n",
       "         9.47421406e-01,  1.21112049e+00,  6.62162340e-01,\n",
       "         6.33768191e-02, -6.44223126e-01, -1.46705582e+00,\n",
       "        -7.41927602e-01, -1.45414057e+00, -9.63068093e-01,\n",
       "        -3.86710310e-01,  3.94952625e-02,  1.56041008e+01,\n",
       "         8.61006274e-01,  1.19545404e+00,  1.02972830e+00,\n",
       "         6.90875859e-01, -2.36730311e-01, -3.95013999e-01,\n",
       "        -9.61697114e-01, -1.28255291e+00, -7.28448049e-01,\n",
       "        -1.01892020e+00, -3.22173191e-01,  3.55562518e-02],\n",
       "       [-1.74192578e+00, -8.81398740e-01, -3.98961349e-01,\n",
       "         5.80086812e-01,  1.36680734e+00,  1.60012344e+00,\n",
       "         2.15078825e+00,  1.74562931e+00,  1.09644369e+00,\n",
       "         1.03294532e-01, -8.42337436e-01, -1.48295138e+00,\n",
       "        -1.61186011e+00, -1.80429761e+00, -1.24011491e+00,\n",
       "        -6.03327503e-01, -2.40827431e-01,  8.61006274e-01,\n",
       "         1.63900476e+01,  1.77649009e+00,  1.73280695e+00,\n",
       "         1.24462863e+00,  7.05251652e-01, -1.53302047e-01,\n",
       "        -1.31794889e+00, -1.72141639e+00, -2.05063247e+00,\n",
       "        -1.39687934e+00, -1.02230925e+00,  2.55740590e-01],\n",
       "       [-1.60532402e+00, -9.33791621e-01, -6.41548927e-01,\n",
       "         8.81847060e-01,  1.67991461e+00,  1.12190705e+00,\n",
       "         2.31655406e+00,  1.92537956e+00,  4.90921533e-01,\n",
       "        -5.29033869e-02, -1.24045748e+00, -1.23712392e+00,\n",
       "        -1.71273162e+00, -1.90037878e+00, -1.74451738e+00,\n",
       "        -5.83080666e-01, -1.90864017e-01,  1.19545404e+00,\n",
       "         1.77649009e+00,  1.62762429e+01,  1.46259483e+00,\n",
       "         8.89385646e-01,  3.25811549e-01, -2.88747020e-01,\n",
       "        -1.62888643e+00, -2.06967921e+00, -2.06796270e+00,\n",
       "        -1.53932589e+00, -3.37772483e-01, -6.30744343e-01],\n",
       "       [-1.48019403e+00, -1.06618895e+00, -5.64864671e-01,\n",
       "         9.96275999e-01,  1.25565415e+00,  1.45530598e+00,\n",
       "         1.36589622e+00,  1.34163370e+00,  5.15534369e-01,\n",
       "         2.48855131e-01, -9.12348645e-01, -1.26185381e+00,\n",
       "        -1.98365999e+00, -1.55960928e+00, -7.08441275e-01,\n",
       "        -6.28825736e-01, -4.97915998e-01,  1.02972830e+00,\n",
       "         1.73280695e+00,  1.46259483e+00,  1.54276233e+01,\n",
       "         1.05454202e+00,  5.61671785e-01, -2.13386685e-01,\n",
       "        -1.36044897e+00, -1.83459460e+00, -1.71933090e+00,\n",
       "        -1.47135933e+00, -7.20987409e-01, -2.26329811e-01],\n",
       "       [-1.39579880e+00, -7.02243447e-01, -1.72335104e-01,\n",
       "         5.56394121e-01,  3.02996518e-01,  7.87334657e-01,\n",
       "         1.06872021e+00,  6.00793253e-01,  4.62508891e-01,\n",
       "        -2.01986821e-01, -2.86457790e-01, -1.08676860e+00,\n",
       "        -8.14357481e-01, -1.17689262e+00, -9.89096923e-01,\n",
       "        -1.94390007e-01, -2.54690506e-01,  6.90875859e-01,\n",
       "         1.24462863e+00,  8.89385646e-01,  1.05454202e+00,\n",
       "         1.45966900e+01, -2.89340929e-02, -4.65952284e-01,\n",
       "        -8.10689970e-01, -1.46843288e+00, -1.20492280e+00,\n",
       "        -7.77122405e-01, -6.77390086e-01, -2.34973091e-01],\n",
       "       [-5.02762647e-02, -1.72564120e-01, -3.60098541e-03,\n",
       "         3.59932791e-02,  1.01713812e-01,  1.09017872e-01,\n",
       "         9.30238724e-02,  7.00093198e-01, -2.50302795e-01,\n",
       "        -2.53980362e-01, -6.99020339e-02, -2.25897301e-01,\n",
       "        -2.19668549e-01, -7.30564478e-01, -2.72600808e-01,\n",
       "         4.86504940e-01, -1.19764334e-02, -2.36730311e-01,\n",
       "         7.05251652e-01,  3.25811549e-01,  5.61671785e-01,\n",
       "        -2.89340929e-02,  1.42003982e+01, -2.25062748e-03,\n",
       "        -8.83309472e-02, -3.99806840e-01, -4.51619839e-01,\n",
       "        -3.11912989e-01, -2.63670980e-02, -1.96900495e-01],\n",
       "       [ 3.51909205e-01,  1.85500998e-01,  3.18683879e-01,\n",
       "        -1.15531891e-01,  3.62672158e-02, -3.65679305e-01,\n",
       "        -6.61343944e-01, -3.06356526e-01,  1.42599721e-02,\n",
       "         1.39139574e-02, -1.35073458e-02,  7.16825938e-01,\n",
       "         8.03133126e-01,  6.75025426e-01,  4.72448236e-01,\n",
       "         4.77384409e-01, -4.51743828e-01, -3.95013999e-01,\n",
       "        -1.53302047e-01, -2.88747020e-01, -2.13386685e-01,\n",
       "        -4.65952284e-01, -2.25062748e-03,  1.48877791e+01,\n",
       "         1.97083508e-01,  4.32853858e-01,  5.04450401e-01,\n",
       "        -1.39749304e-01,  5.75007103e-01,  1.74012289e-01],\n",
       "       [ 1.20101109e+00,  1.12732079e+00,  3.00649346e-01,\n",
       "        -7.93437414e-01, -7.52202510e-01, -1.23315510e+00,\n",
       "        -1.65916939e+00, -1.02875301e+00, -4.15857826e-01,\n",
       "        -1.65657216e-02,  7.17780320e-01,  9.33500796e-01,\n",
       "         1.22297397e+00,  1.71556159e+00,  1.27218421e+00,\n",
       "         6.20298601e-01,  1.15233648e-01, -9.61697114e-01,\n",
       "        -1.31794889e+00, -1.62888643e+00, -1.36044897e+00,\n",
       "        -8.10689970e-01, -8.83309472e-02,  1.97083508e-01,\n",
       "         1.45885425e+01,  1.16838740e+00,  1.43264997e+00,\n",
       "         6.56390867e-01,  4.41935079e-01, -2.04680539e-01],\n",
       "       [ 1.91764073e+00,  1.05147431e+00,  2.98087119e-01,\n",
       "        -1.30605100e+00, -1.05852208e+00, -1.77766223e+00,\n",
       "        -1.95081528e+00, -1.86847568e+00, -1.02409819e+00,\n",
       "         3.88151606e-02,  9.99305853e-01,  1.47730693e+00,\n",
       "         2.44840345e+00,  1.99367556e+00,  1.14781549e+00,\n",
       "         2.14774352e-01, -3.86825512e-01, -1.28255291e+00,\n",
       "        -1.72141639e+00, -2.06967921e+00, -1.83459460e+00,\n",
       "        -1.46843288e+00, -3.99806840e-01,  4.32853858e-01,\n",
       "         1.16838740e+00,  1.61237348e+01,  2.09241162e+00,\n",
       "         1.47902787e+00,  6.61657560e-01,  5.81920850e-01],\n",
       "       [ 1.78273220e+00,  1.09288003e+00,  3.53846856e-01,\n",
       "        -1.02616423e+00, -1.25464048e+00, -1.85790389e+00,\n",
       "        -1.87512869e+00, -1.71316713e+00, -8.41234471e-01,\n",
       "        -3.36196093e-01,  8.15030356e-01,  1.56366198e+00,\n",
       "         2.06596757e+00,  1.60314265e+00,  1.56176585e+00,\n",
       "         9.45367259e-01, -2.52809284e-01, -7.28448049e-01,\n",
       "        -2.05063247e+00, -2.06796270e+00, -1.71933090e+00,\n",
       "        -1.20492280e+00, -4.51619839e-01,  5.04450401e-01,\n",
       "         1.43264997e+00,  2.09241162e+00,  1.65645867e+01,\n",
       "         1.32168344e+00,  1.19256548e+00,  2.59063169e-01],\n",
       "       [ 1.14340920e+00,  6.87143963e-01,  5.59782581e-02,\n",
       "        -7.56886619e-01, -1.24319439e+00, -1.59639685e+00,\n",
       "        -1.50053623e+00, -9.22892910e-01, -7.47957869e-01,\n",
       "         4.05280391e-01,  5.72284946e-01,  7.77814712e-01,\n",
       "         1.68836133e+00,  9.30859987e-01,  1.01680272e+00,\n",
       "         5.37617994e-01,  4.00162038e-01, -1.01892020e+00,\n",
       "        -1.39687934e+00, -1.53932589e+00, -1.47135933e+00,\n",
       "        -7.77122405e-01, -3.11912989e-01, -1.39749304e-01,\n",
       "         6.56390867e-01,  1.47902787e+00,  1.32168344e+00,\n",
       "         1.48879019e+01,  6.63987334e-01,  1.93231274e-01],\n",
       "       [ 7.97807794e-01,  6.25777467e-01,  1.32034112e-01,\n",
       "        -1.11577666e+00, -6.59674441e-01, -9.61502741e-01,\n",
       "        -1.21347201e+00, -7.49191420e-01, -4.98400048e-01,\n",
       "        -1.67173572e-01,  7.57558308e-01,  6.14745696e-01,\n",
       "         6.29554217e-01,  7.78179579e-01,  1.34871308e+00,\n",
       "         3.80182029e-01,  1.35089897e-01, -3.22173191e-01,\n",
       "        -1.02230925e+00, -3.37772483e-01, -7.20987409e-01,\n",
       "        -6.77390086e-01, -2.63670980e-02,  5.75007103e-01,\n",
       "         4.41935079e-01,  6.61657560e-01,  1.19256548e+00,\n",
       "         6.63987334e-01,  1.51507356e+01, -2.94709690e-01],\n",
       "       [ 3.61418219e-01,  2.69764584e-01,  3.23786274e-01,\n",
       "        -3.07051705e-01,  1.01538715e-01, -4.26168302e-01,\n",
       "        -1.92680090e-03, -3.19013261e-01, -2.08037405e-01,\n",
       "         4.96122816e-01,  8.85457807e-02,  4.62300242e-01,\n",
       "         2.42325862e-01,  2.12372133e-01,  5.29912580e-01,\n",
       "        -5.48301293e-02,  9.79781672e-02,  3.55562518e-02,\n",
       "         2.55740590e-01, -6.30744343e-01, -2.26329811e-01,\n",
       "        -2.34973091e-01, -1.96900495e-01,  1.74012289e-01,\n",
       "        -2.04680539e-01,  5.81920850e-01,  2.59063169e-01,\n",
       "         1.93231274e-01, -2.94709690e-01,  1.48586697e+01]])"
      ]
     },
     "execution_count": 31,
     "metadata": {},
     "output_type": "execute_result"
    }
   ],
   "source": [
    "R # 30 x 30"
   ]
  },
  {
   "cell_type": "code",
   "execution_count": 32,
   "id": "a61ed738",
   "metadata": {},
   "outputs": [],
   "source": [
    "eigenVal, eigenVec = np.linalg.eig(R)\n",
    "\n",
    "largest_eigenVal = np.argmax(eigenVal) # Finding the largest eigenvalue \n",
    "x_estimation = eigenVec[:, largest_eigenVal] # Extracting the eigenvector which includes the largest eigenvalue"
   ]
  },
  {
   "cell_type": "code",
   "execution_count": 33,
   "id": "72d2d834",
   "metadata": {},
   "outputs": [
    {
     "data": {
      "text/plain": [
       "<StemContainer object of 3 artists>"
      ]
     },
     "execution_count": 33,
     "metadata": {},
     "output_type": "execute_result"
    },
    {
     "data": {
